0.17411622  0.50228108  0.02835271  0.17656839  0.14200242  0.1081565
 -0.06456799  0.14496852  0.24211508  0.01021851
.24879223 0.45430087 0.04771389 0.20157964 0.16516939 0.0701957
 0.13704201 0.16746603 0.08120611 0.15738829
0.49734037  0.36269746 -0.02992818  0.1667089  -0.00288576  0.02370365
 -0.04597886  0.30539745 -0.00176838  0.08717484
0.23824175  0.45981436 -0.06743338  0.17954625  0.30575644  0.30062359
 -0.04246516  0.32041693 -0.03296462  0.18505196
0.38676087  0.33019793 -0.08553771  0.31027707  0.11256509  0.13294458
  0.04754022  0.23225424 -0.09472852  0.17842832
0.38630959  0.2777783   0.0814972   0.14423749 -0.05437628  0.07936613
 -0.03927379  0.42348492 -0.02859102  0.07178841
0.33683595  0.50947276  0.12198833  0.3269332   0.01705429  0.04884902
 -0.07697758  0.42284363  0.175204    0.16766848
